SCD 1                   
1 22490U 93009B   18324.23913564  .00000228  00000-0  12672-4 0  9993
2 22490  24.9710 334.9495 0043288  75.5655   9.9712 14.44537203361020
TECHSAT 1B (GO-32)      
1 25397U 98043D   18323.91644476 -.00000017  00000-0  11729-4 0  9991
2 25397  98.6653 261.8740 0000498 347.9373  12.1794 14.23655292 57881
SCD 2                   
1 25504U 98060A   18323.96059962  .00000229  00000-0  13679-4 0  9995
2 25504  24.9943 183.0870 0017388  99.4837  30.8996 14.44055096 60046
LANDSAT 7               
1 25682U 99020A   18324.11720719  .00000104  00000-0  33103-4 0  9998
2 25682  98.1564  31.2615 0001518  95.9478 264.1907 14.57138253 42456
DLR-TUBSAT              
1 25757U 99029B   18324.20750598 -.00000012  00000-0  83567-5 0  9997
2 25757  98.4068 241.1650 0014949 143.2275 216.9948 14.51391939 32057
TERRA                   
1 25994U 99068A   18324.20080644 -.00000031  00000-0  32273-5 0  9990
2 25994  98.2136  36.7564 0000918  92.3779 267.7542 14.57129395  6540
MAROC-TUBSAT            
1 27004U 01056D   18323.96314403 -.00000047  00000-0 -37116-5 0  9998
2 27004  99.4347  96.4372 0020618  66.4505  43.1424 13.70131937847366
AQUA                    
1 27424U 02022A   18323.95792069  .00000069  00000-0  25304-4 0  9992
2 27424  98.2105 262.7995 0001594   7.3753  59.3779 14.57109467880066
IRS-P6 (RESOURCESAT-1)  
1 28051U 03046A   18324.05492703  .00000004  00000-0  16969-4 0  9996
2 28051  98.5410  39.5488 0056586 293.4400  66.0840 14.34157225783910
SHIYAN 1 (SY-1)         
1 28220U 04012A   18323.88045708  .00000236  00000-0  24023-4 0  9994
2 28220  97.7653 281.1814 0011872 202.7360 157.3338 14.99666190794323
FORMOSAT-2 (ROCSAT 2)   
1 28254U 04018A   18324.19607735  .00000107  00000-0  10000-3 0  9992
2 28254  98.7873  11.8144 0001713  85.8890 319.6144 14.00632257741532
AURA                    
1 28376U 04026A   18323.88207957  .00000075  00000-0  26774-4 0  9993
2 28376  98.2108 264.8804 0000838  62.4152 297.7131 14.57109401763140
IRS-P5 (CARTOSAT-1)     
1 28649U 05017A   18324.07957347  .00000070  00000-0  14891-4 0  9996
2 28649  97.8087  33.6190 0003020 120.2739 239.8773 14.83479857733201
SINAH 1                 
1 28893U 05043D   18324.17769948 -.00000001  00000-0  89885-5 0  9996
2 28893  97.9445 104.4925 0014234 315.3055  44.6999 14.61488699696559
EROS B                  
1 29079U 06014A   18324.15188922  .00001222  00000-0  54608-4 0  9996
2 29079  97.4025  80.5935 0004313 134.7263 347.2929 15.23208389697642
RESURS-DK 1             
1 29228U 06021A   18324.12972823  .00000069  00000-0  12629-4 0  9993
2 29228  69.9356 212.4390 0007880 265.9419  94.0841 15.02378404686339
ARIRANG-2 (KOMPSAT-2)   
1 29268U 06031A   18324.23423172 -.00000016  00000-0  60418-5 0  9991
2 29268  98.0494 216.9226 0018154 163.8410 196.3374 14.62390599657147
LAPAN-TUBSAT            
1 29709U 07001A   18324.05489025  .00000017  00000-0  85654-5 0  9997
2 29709  97.7764 286.8016 0012524 183.7861 176.3259 14.82149254641136
CARTOSAT-2 (IRS-P7)     
1 29710U 07001B   18324.16579906 -.00000090  00000-0 -54470-5 0  9994
2 29710  97.8569  20.1660 0000689  87.2699 272.8602 14.78722825640186
HAIYANG-1B              
1 31113U 07010A   18324.13782700 -.00000029  00000-0  53625-5 0  9991
2 31113  98.4883  13.5334 0015105 107.1650 253.1189 14.30210912605937
COSMO-SKYMED 1          
1 31598U 07023A   18324.15282861  .00000302  00000-0  44536-4 0  9990
2 31598  97.8860 145.5202 0001580  85.1922 274.9439 14.82159160619614
TERRASAR-X              
1 31698U 07026A   18322.82515137 -.00000983  00000-0 -43640-4 0  9993
2 31698  97.4466 328.0827 0001822  87.8356  38.6240 15.19145648633767
WORLDVIEW-1 (WV-1)      
1 32060U 07041A   18324.24338280  .00000623  00000-0  28216-4 0  9995
2 32060  97.3956  81.7564 0001533 117.5370 301.6316 15.24507935621638
YAOGAN 3                
1 32289U 07055A   18324.19520225  .00000383  00000-0  56394-4 0  9990
2 32289  98.0068 330.2208 0001696  91.1461 268.9946 14.80927931595848
COSMO-SKYMED 2          
1 32376U 07059A   18324.18655093 -.00000319  00000-0 -33573-4 0  9997
2 32376  97.8864 145.5534 0001487  92.5256 267.6117 14.82154220592365
RADARSAT-2              
1 32382U 07061A   18324.24216612  .00000118  00000-0  62660-4 0  9998
2 32382  98.5780 329.2406 0001206  91.3456 324.9476 14.29984128570768
CARTOSAT-2A             
1 32783U 08021A   18324.21145564 -.00004933  00000-0 -66569-3 0  9996
2 32783  97.8856  20.3960 0014395  72.4613 287.8190 14.78660209570137
JASON-2 (OSTM)          
1 33105U 08032A   18323.94841446 -.00000059  00000-0  14608-4 0  9990
2 33105  66.0400 107.2189 0007495 268.2981 202.0648 12.87627782487572
RAPIDEYE 2              
1 33312U 08040A   18324.17711392  .00000043  00000-0  12399-4 0  9998
2 33312  97.7721  34.8998 0014122  95.3795 264.9054 14.79908857552422
RAPIDEYE 5              
1 33313U 08040B   18324.20045032  .00000010  00000-0  80547-5 0  9999
2 33313  97.7810  33.5575 0016291 337.5878  22.4625 14.79909806552371
RAPIDEYE 1              
1 33314U 08040C   18324.18878263  .00000033  00000-0  11131-4 0  9994
2 33314  97.7736  34.6428 0025419 108.4999 251.8985 14.79911925552416
RAPIDEYE 3              
1 33315U 08040D   18324.22486862  .00000005  00000-0  74123-5 0  9990
2 33315  97.7833  33.4247 0013350  51.6082 308.6340 14.79908357552381
RAPIDEYE 4              
1 33316U 08040E   18324.14498339 -.00000009  00000-0  55812-5 0  9993
2 33316  97.7863  33.1266 0011425   0.2052 359.9170 14.79906622552362
HUANJING 1A (HJ-1A)     
1 33320U 08041A   18324.18433562  .00000075  00000-0  17740-4 0  9999
2 33320  97.8701  23.1960 0026747 139.6669 220.6535 14.76974444549687
HUANJING 1B (HJ-1B)     
1 33321U 08041B   18324.22782097  .00000151  00000-0  28499-4 0  9993
2 33321  97.8768  24.8956 0035183 157.3731 202.9047 14.77070369549680
GEOEYE 1                
1 33331U 08042A   18324.18790017 -.00000127  00000-0 -14971-4 0  9996
2 33331  98.1199  36.9062 0010837  69.8642 290.3732 14.64261397545342
THEOS                   
1 33396U 08049A   18324.15265833  .00000004  00000-0  22236-4 0  9999
2 33396  98.7145  29.7255 0001273  99.7993 344.3161 14.20025456525417
COSMO-SKYMED 3          
1 33412U 08054A   18324.17390352 -.00000175  00000-0 -15471-4 0  9995
2 33412  97.8860 145.5415 0001594  92.2314 267.9042 14.82153146544826
YAOGAN 4                
1 33446U 08061A   18324.03208345  .00000113  00000-0  22855-4 0  9999
2 33446  97.6459 296.8101 0017369  51.7599 308.5172 14.76904920536890
GOSAT (IBUKI)           
1 33492U 09002A   18324.07799442 -.00000142  00000-0 -16642-4 0  9994
2 33492  98.0161  75.6706 0001422  76.6659 283.4688 14.67573439526222
YAOGAN 6                
1 34839U 09021A   18324.16656994  .00000574  00000-0  24533-4 0  9990
2 34839  97.0767 354.4127 0026512 269.8898  89.9303 15.26359970532040
DEIMOS-1                
1 35681U 09041A   18324.13339226  .00000041  00000-0  14243-4 0  9997
2 35681  97.8870 207.6833 0003031  90.8390 269.3172 14.71758695499767
DUBAISAT-1              
1 35682U 09041B   18324.15156935  .00000029  00000-0  12716-4 0  9993
2 35682  97.7369 163.7860 0010669 290.6566  69.3492 14.68700692498674
OCEANSAT-2              
1 35931U 09051A   18323.85869114  .00000061  00000-0  26659-4 0  9994
2 35931  98.3053  56.8045 0002805  50.9140 309.2304 14.50864309484853
WORLDVIEW-2 (WV-2)      
1 35946U 09055A   18324.17982882 -.00000074  00000-0 -10109-4 0  9997
2 35946  98.4561  38.5412 0000681 293.3478  66.7650 14.37597673478366
SMOS                    
1 36036U 09059A   18323.54383275  .00000096  00000-0  44363-4 0  9994
2 36036  98.4425 148.8220 0001128  89.0444 271.0874 14.39766069475497
YAOGAN 7                
1 36110U 09069A   18324.21146367  .00000065  00000-0  17755-4 0  9993
2 36110  98.2613 137.5219 0022952 250.5971 109.2744 14.75163984481692
TANDEM-X                
1 36605U 10030A   18323.07873258  .00002374  00000-0  11611-3 0  9990
2 36605  97.4478 328.3318 0002339  49.3450  23.3519 15.19180096466549
CARTOSAT-2B             
1 36795U 10035A   18323.50388642 -.00003360  00000-0 -44968-3 0  9990
2 36795  97.8961  19.3996 0016124 143.7717 216.6222 14.78770044451073
YAOGAN 10               
1 36834U 10038A   18324.02535117  .00000042  00000-0  12275-4 0  9995
2 36834  97.9593 320.7693 0001621  80.5526 279.5885 14.80885333447567
COSMO-SKYMED 4          
1 37216U 10060A   18324.06844001  .00000015  00000-0  84910-5 0  9990
2 37216  97.8865 145.4363 0001571  76.0213 284.1178 14.82155303434894
RESOURCESAT-2           
1 37387U 11015A   18324.12414372 -.00001075  00000-0 -47043-3 0  9994
2 37387  98.7412  36.5940 0002238 275.0254  85.0700 14.21607855393697
HAIYANG 2A              
1 37781U 11043A   18324.05907892  .00000249  00000-0  28813-3 0  9993
2 37781  99.3234 331.6175 0002020  69.3861 290.7527 13.78720910365757
RASAT                   
1 37791U 11044D   18324.24805024  .00000011  00000-0  11134-4 0  9996
2 37791  98.1253  54.8808 0020565 282.4251  77.4652 14.64691394388043
MEGHA-TROPIQUES         
1 37838U 11058A   18324.16299936  .00000448  00000-0  10382-3 0  9990
2 37838  19.9771 243.0411 0009258  16.1240 343.9458 14.09704552366703
SRMSAT                  
1 37841U 11058D   18323.91928803  .00000301  00000-0  20617-4 0  9999
2 37841  19.9711 225.3291 0011859  42.1517  38.0594 14.10619331366802
YAOGAN 13               
1 37941U 11072A   18324.15054064  .00000517  00000-0  28623-4 0  9996
2 37941  97.5113 252.3151 0001946 102.0834   9.6176 15.18200031386691
PLEIADES 1A             
1 38012U 11076F   18324.16672664 -.00000034  00000-0  25393-5 0  9990
2 38012  98.1870  36.9128 0001813  83.0330 277.1086 14.58553348368800
ZIYUAN 1-02C (ZY 1-02C) 
1 38038U 11079A   18324.17244850  .00000056  00000-0  34048-4 0  9993
2 38038  98.2732  13.9844 0001545  62.8201 297.3147 14.35480734362247
ZIYUAN 3 (ZY 3)         
1 38046U 12001A   18324.20212656  .00000456  00000-0  23535-4 0  9994
2 38046  97.4793  34.6725 0004319  71.8482  12.9669 15.21255955381168
RISAT-1                 
1 38248U 12017A   18324.14891270  .00000411  00000-0  29470-4 0  9998
2 38248  97.5713 330.3738 0005705  64.6279   0.3448 15.09661704361825
ARIRANG-3 (KOMPSAT-3)   
1 38338U 12025B   18324.09402550  .00000064  00000-0  22187-4 0  9992
2 38338  98.1388 259.8875 0010427 134.4091 225.7965 14.61721910347275
KANOPUS-V 1             
1 38707U 12039A   18324.18443758  .00000196  00000-0  12609-4 0  9996
2 38707  97.4529 240.5367 0001806  73.5584  63.9544 15.18929970351176
EXACTVIEW-1 (ADS-1B)    
1 38709U 12039C   18324.14860555  .00000000  00000-0  21062-4 0  9999
2 38709  99.1426 325.2319 0010011 194.7558 165.3329 14.23978121328973
SPOT 6                  
1 38755U 12047A   18324.11285811 -.00000031  00000-0  31429-5 0  9996
2 38755  98.1582  28.8829 0001595  78.2565 281.8818 14.58570432329877
PLEIADES 1B             
1 39019U 12068A   18324.20102911 -.00000043  00000-0  61707-6 0  9998
2 39019  98.1896  36.9905 0001527  89.6262 270.5119 14.58558568317668
GOKTURK 2               
1 39030U 12073A   18324.18062403  .00000023  00000-0  11241-4 0  9998
2 39030  97.9503 211.8859 0001384 133.9253 226.2065 14.72732291317233
LANDSAT 8               
1 39084U 13008A   18324.08533154  .00000044  00000-0  19838-4 0  9994
2 39084  98.2135  32.1105 0001063  88.4846 271.6482 14.57112398306914
SARAL                   
1 39086U 13009A   18323.92641062  .00000011  00000-0  20275-4 0  9998
2 39086  98.5387 148.3909 0001824 121.5857 238.5505 14.32026598299633
GAOFEN 1                
1 39150U 13018A   18324.18317964  .00000015  00000-0  94695-5 0  9992
2 39150  97.9181  43.8928 0019182 171.3952 188.7610 14.76520255300122
VNREDSAT 1              
1 39160U 13021B   18324.16225602  .00000050  00000-0  18990-4 0  9994
2 39160  98.2065  36.0718 0001343  92.6156 267.5213 14.62887783295776
ARIRANG-5 (KOMPSAT-5)   
1 39227U 13042A   18324.10000404 -.00000064  00000-0 -23278-6 0  9990
2 39227  97.6132 146.3036 0002021  82.5369  29.6155 15.04515027288011
YAOGAN 18               
1 39363U 13059A   18323.88065319  .00000501  00000-0  27838-4 0  9997
2 39363  97.3293  23.2140 0002379 115.3980 331.8510 15.18009305280316
SKYSAT-1                
1 39418U 13066C   18324.14834478 -.00000420  00000-0 -29793-4 0  9990
2 39418  97.6665  44.7158 0021736 336.7799  23.2480 14.98740993273104
DUBAISAT-2              
1 39419U 13066D   18324.20468951  .00000259  00000-0  29552-4 0  9998
2 39419  97.6209  28.2193 0013324 336.2088  23.8539 14.93914384272286
GPM-CORE                
1 39574U 14009C   18323.72554085  .00003109  00000-0  49610-4 0  9992
2 39574  65.0073 309.6789 0010678 278.1712  81.8222 15.55431354268480
SENTINEL-1A             
1 39634U 14016A   18324.19600086 -.00000047  00000-0 -16562-6 0  9994
2 39634  98.1822 329.4054 0001290  76.6141 283.5207 14.59198851246674
KAZEOSAT 1              
1 39731U 14024A   18324.24158106 -.00000004  00000-0  12063-4 0  9990
2 39731  98.3762  39.9535 0001246  85.2520 274.8820 14.42028269239989
ALOS-2                  
1 39766U 14029A   18324.22610087  .00000051  00000-0  13726-4 0  9990
2 39766  97.9230  59.0799 0001525  91.1616 268.9793 14.79471480242646
KAZEOSAT 2              
1 40010U 14033A   18323.92902789  .00000029  00000-0  10210-4 0  9998
2 40010  97.8530 222.2202 0017526  24.5242 335.6801 14.82087528239073
HODOYOSHI-4             
1 40011U 14033B   18323.73964738  .00000099  00000-0  19512-4 0  9991
2 40011  97.8344 216.8476 0027574  20.5878 339.6454 14.81051678238808
DEIMOS-2                
1 40013U 14033D   18324.17214283  .00000109  00000-0  19202-4 0  9993
2 40013  97.8502 226.5579 0002624  73.5149 286.6379 14.84592130239518
HODOYOSHI-3             
1 40015U 14033F   18323.94207805  .00000123  00000-0  23714-4 0  9990
2 40015  97.8121 208.7983 0037778  31.0726 329.2709 14.78436901238398
SPOT 7                  
1 40053U 14034A   18324.14823771 -.00000027  00000-0  39118-5 0  9992
2 40053  98.1713  29.2954 0001687  79.3451 280.7953 14.58563193233811
SKYSAT-2                
1 40072U 14037D   18323.94925984 -.00000081  00000-0 -29642-5 0  9994
2 40072  98.3934 102.4463 0006355 171.7003 188.4309 14.81128211236068
WORLDVIEW-3 (WV-3)      
1 40115U 14048A   18324.13951304  .00000087  00000-0  16383-4 0  9992
2 40115  97.8297  41.7210 0001916  69.7052 290.4383 14.84969620231415
YAOGAN 21               
1 40143U 14053A   18324.17244306  .00000648  00000-0  28695-4 0  9992
2 40143  97.2545  28.0345 0012741 140.7708 303.7829 15.24996024233798
YAOGAN 22               
1 40275U 14063A   18323.71360340 -.00000045  00000-0  00000+0 0  9992
2 40275 100.4534  74.0674 0005594 331.9899  28.0914 13.15331770196078
ASNARO                  
1 40298U 14070A   18324.20820845  .00000811  00000-0  41319-4 0  9994
2 40298  97.4582  44.8821 0002024  98.4631 289.8752 15.19566158223988
HODOYOSHI-1             
1 40299U 14070B   18324.23232917  .00000389  00000-0  19403-4 0  9994
2 40299  97.3679  43.1812 0014617  65.7970   6.8707 15.23108069224235
QSAT-EOS                
1 40301U 14070D   18324.15150444  .00001181  00000-0  49348-4 0  9995
2 40301  97.3482  40.3930 0027730  64.2216 352.5605 15.25259853224191
YAOGAN 23               
1 40305U 14071A   18324.19890517  .00000437  00000-0  24809-4 0  9994
2 40305  97.4704 259.0149 0001761  62.4258  79.3323 15.17980365222465
YAOGAN 24               
1 40310U 14072A   18324.18200740  .00000045  00000-0  13852-4 0  9994
2 40310  98.0608  87.1278 0016809 188.3627 171.7317 14.77243709215631
CBERS 4                 
1 40336U 14079A   18324.17266707 -.00000009  00000-0  11864-4 0  9995
2 40336  98.3984  31.8066 0000900  71.5931 288.5360 14.35490175207154
RESURS P2               
1 40360U 14087A   18324.19575514  .00000454  00000-0  16696-4 0  9993
2 40360  97.2663  53.7076 0011304  86.0798 358.4944 15.32837116218176
YAOGAN 26               
1 40362U 14088A   18324.11250019  .00000760  00000-0  31864-4 0  9992
2 40362  97.3110  38.5474 0002968 247.2572 309.4627 15.26466199217227
SMAP                    
1 40376U 15003A   18324.07207114  .00000030  00000-0  14795-4 0  9992
2 40376  98.1231 329.1036 0001333  33.2261 326.9023 14.63375130203077
KOMPSAT-3A              
1 40536U 15014A   18324.12733142  .00000072  00000-0  79631-5 0  9990
2 40536  97.5295 260.0498 0010379 332.8597 151.7289 15.12071800201778
SENTINEL-2A             
1 40697U 15028A   18324.15848488  .00000010  00000-0  20615-4 0  9995
2 40697  98.5666  36.6194 0001133  88.0379 272.0942 14.30821225178190
CARBONITE 1 (CBNT-1)    
1 40718U 15032D   18324.22303530  .00000124  00000-0  26007-4 0  9993
2 40718  97.9072 210.9783 0015298 265.5031  94.4432 14.74630388181036
YAOGAN 27               
1 40878U 15040A   18324.08649800 -.00000044  00000-0  00000+0 0  9998
2 40878 100.3232  18.9121 0009139 102.4332 257.7791 13.15960758155339
LAPAN-A2                
1 40931U 15052B   18323.81564205  .00000575  00000-0 -90874-5 0  9999
2 40931   6.0026 120.4008 0013476  48.6715 311.4633 14.76590217170045
YAOGAN 28               
1 41026U 15064A   18324.20320801  .00000782  00000-0  29520-4 0  9992
2 41026  97.3802  91.4158 0007644 261.4002 219.1880 15.30005083169424
YAOGAN 29               
1 41038U 15069A   18324.18367358  .00000024  00000-0  10007-4 0  9994
2 41038  97.9558 305.0913 0001248  44.7582 315.3738 14.80384544161163
KENT RIDGE 1            
1 41167U 15077B   18323.51460648  .00000866  00000-0  12876-4 0  9998
2 41167  14.9787 355.4793 0011365 337.7592 261.5336 15.08960765161646
TELEOS 1                
1 41169U 15077D   18324.17160346  .00001114  00000-0  26951-4 0  9991
2 41169  14.9795 343.3230 0010774 357.0414  58.6148 15.10045203161819
JASON-3                 
1 41240U 16002A   18323.93303512 -.00000047  00000-0  61566-4 0  9993
2 41240  66.0391 120.5372 0007220 267.5089  92.5100 12.80930853132840
SENTINEL-3A             
1 41335U 16011A   18324.15394468 -.00000005  00000-0  15880-4 0  9995
2 41335  98.6232  29.1323 0001250  91.7816 268.3507 14.26739212143644
SENTINEL-1B             
1 41456U 16025A   18324.02408887 -.00000005  00000-0  86435-5 0  9996
2 41456  98.1822 329.0616 0001343  79.6465 280.4887 14.59199076136814
ZIYUAN 3-2 (ZY 3-2)     
1 41556U 16033A   18324.18529862  .00000498  00000-0  25293-4 0  9999
2 41556  97.4184  39.8321 0001159 117.9897 325.8738 15.21347592137455
NUSAT-1 (FRESCO)        
1 41557U 16033B   18324.22529873  .00001275  00000-0  50709-4 0  9991
2 41557  97.4308  47.9151 0011972 325.2913  34.7543 15.27104428137974
NUSAT-2 (BATATA)        
1 41558U 16033C   18324.19247726  .00001335  00000-0  50713-4 0  9994
2 41558  97.4330  48.2621 0012185 330.7015  29.3540 15.28548713137974
CARTOSAT-2C             
1 41599U 16040A   18324.17957273  .00000196  00000-0  12455-4 0  9995
2 41599  97.3922  22.1715 0015397  61.5931 359.4999 15.19302871133754
SKYSAT-C1               
1 41601U 16040C   18324.21871458  .00000406  00000-0  20266-4 0  9997
2 41601  97.5575  39.3305 0002280  99.2645 345.8929 15.23150305134027
LAPAN-A3                
1 41603U 16040E   18324.19971038  .00000057  00000-0  58617-5 0  9995
2 41603  97.3931  22.7186 0015085  58.9877  14.6336 15.19633756133777
BIROS                   
1 41604U 16040F   18324.16119801  .00000496  00000-0  25068-4 0  9995
2 41604  97.3952  24.5230 0013656  49.6092 310.6333 15.21525707133886
SKYSAT-C4               
1 41771U 16058B   18324.16968287  .00000329  00000-0  16875-4 0  9990
2 41771  97.4248  32.9126 0001751  93.3980 318.6335 15.23138908120962
SKYSAT-C5               
1 41772U 16058C   18324.11798743  .00000375  00000-0  18926-4 0  9994
2 41772  97.4249  32.4557 0001575 111.8600 306.6174 15.23020055120945
SKYSAT-C2               
1 41773U 16058D   18324.14373035  .00000348  00000-0  17672-4 0  9998
2 41773  97.4254  32.9903 0001263  79.2916 335.2518 15.23171310120955
SKYSAT-C3               
1 41774U 16058E   18324.09223221  .00000475  00000-0  23083-4 0  9998
2 41774  97.4277  32.9189 0001085 117.9860 303.6181 15.23148575120948
ALSAT 1B                
1 41785U 16059C   18324.14722910 -.00000022  00000-0  51877-5 0  9998
2 41785  98.0971  23.3855 0030610 326.2838  33.6420 14.63302210114768
PATHFINDER 1            
1 41787U 16059E   18324.05848033  .00000018  00000-0  12807-4 0  9998
2 41787  98.0984  23.7796 0030216 325.5093  34.4152 14.63632633114776
SCATSAT 1               
1 41790U 16059H   18324.17313813  .00000022  00000-0  16743-4 0  9996
2 41790  98.2407   8.9721 0017766 336.7632  23.2758 14.50880721113803
WORLDVIEW-4 (WV-4)      
1 41848U 16067A   18324.10474596 -.00000180  00000-0 -14773-4 0  9996
2 41848  97.8982  40.0580 0002610 100.3455 259.8060 14.84983909109560
GOKTURK 1A              
1 41875U 16073A   18324.12771453  .00000028  00000-0  14678-4 0  9990
2 41875  98.1521 216.4778 0001383  84.7289 275.4071 14.62745613104450
RESOURCESAT-2A          
1 41877U 16074A   18324.08811635  .00000008  00000-0  23590-4 0  9996
2 41877  98.6579  36.2509 0000790 118.9100 241.2165 14.21653706101293
CARTOSAT-2D             
1 41948U 17008A   18324.20454674  .00022785  00000-0  10813-2 0  9991
2 41948  97.4254  23.5137 0006587 184.5587 175.4393 15.19247152 97627
SENTINEL-2B             
1 42063U 17013A   18324.19349038 -.00000001  00000-0  16234-4 0  9994
2 42063  98.5667  36.6532 0001258  88.6160 271.5168 14.30819098 89110
ZHUHAI-1 02 (CAS 4B)    
1 42759U 17034B   18324.18509880  .00000032  00000-0  15559-4 0  9993
2 42759  43.0196 306.7901 0010860 359.2337 109.7940 15.09422749 79026
NUSAT-3 (MILANESAT)     
1 42760U 17034C   18324.16955664  .00000242  00000-0  28512-4 0  9994
2 42760  43.0172 307.5804 0009086   2.8155  54.9239 15.09299149 79028
ZHUHAI-1 01 (CAS 4A)    
1 42761U 17034D   18324.15742006  .00000191  00000-0  25280-4 0  9990
2 42761  43.0200 306.6128 0010902 359.7519 101.0603 15.09500337 79019
CARTOSAT-2E             
1 42767U 17036C   18323.94829750  .00000342  00000-0  19541-4 0  9997
2 42767  97.5029  19.6318 0007695 244.5212 115.5226 15.19180543 78155
FORMOSAT-5              
1 42920U 17049A   18324.05919037 -.00000039  00000-0  14988-5 0  9998
2 42920  98.3495  39.2362 0009209 296.4158  63.6086 14.50825851 65589
SENTINEL-5P             
1 42969U 17064A   18323.81642308 -.00000023  00000-0  99341-5 0  9994
2 42969  98.7135 261.3267 0000990  82.8658 277.2631 14.19548751 57080
SKYSAT-C11              
1 42987U 17068A   18323.85690118  .00000605  00000-0  29962-4 0  9990
2 42987  97.4172  75.3852 0008624 235.6692 124.3728 15.21491705 58336
SKYSAT-C10              
1 42988U 17068B   18324.12901828  .00000713  00000-0  34702-4 0  9993
2 42988  97.4136  75.5623 0003581 259.9237 223.3393 15.21545913 58379
SKYSAT-C9               
1 42989U 17068C   18324.12093927  .00000691  00000-0  33686-4 0  9991
2 42989  97.4152  75.9565 0001374  94.5234  29.3783 15.21587382 58390
SKYSAT-C8               
1 42990U 17068D   18324.16784953  .00000696  00000-0  34039-4 0  9991
2 42990  97.4174  75.8965 0003056 300.5410 155.2723 15.21472503 58395
SKYSAT-C7               
1 42991U 17068E   18323.89954926  .00000709  00000-0  34490-4 0  9996
2 42991  97.4170  75.6418 0005002 315.7455 159.8600 15.21580263 58356
SKYSAT-C6               
1 42992U 17068F   18323.88810259  .00000774  00000-0  37404-4 0  9996
2 42992  97.4154  75.8189 0012080   2.8332 110.7051 15.21535270 58363
CARTOSAT-2F             
1 43111U 18004A   18324.13838795  .00000607  00000-0  32030-4 0  9990
2 43111  97.4646  23.5966 0002830 260.5902 183.2916 15.19243419 47365
MICROSAT-TD             
1 43128U 18004T   18324.13442337  .00021063  00000-0  16875-3 0  9998
2 43128  96.8393  20.4310 0009051 221.8996 138.1577 15.71008951 48955
NUSAT-4 (ADA)           
1 43195U 18015D   18324.21347538  .00000849  00000-0  38361-4 0  9994
2 43195  97.3705  90.1306 0016636 328.0105 149.5487 15.23556831 44280
NUSAT-5 (MARYAM)        
1 43204U 18015K   18324.19702385  .00000856  00000-0  38615-4 0  9997
2 43204  97.3705  90.1255 0016770 327.9709  83.3613 15.23590583 43884
SENTINEL-3B             
1 43437U 18039A   18324.19721967 -.00000004  00000-0  16103-4 0  9992
2 43437  98.6233  29.1120 0005177 180.0050 180.1132 14.28054896 29715
AEOLUS                  
1 43600U 18066A   18324.09773725 -.00000136  00000-0  00000+0 0  9992
2 43600  96.7288 328.9934 0001467 243.3645 114.8073 15.86700166 14131
ICESAT-2                
1 43613U 18070A   18323.93285331  .00001504  00000-0  54424-4 0  9997
2 43613  92.0023 266.3415 0002750  83.5972 276.5590 15.28301366  9996
